1.727808e+00 1.595075e+00 1.409170e+00 
1.729808e+00 1.595350e+00 1.408745e+00 
1.731808e+00 1.595675e+00 1.408255e+00 
1.733808e+00 1.596025e+00 1.407698e+00 
1.735808e+00 1.596425e+00 1.407076e+00 
1.737808e+00 1.596850e+00 1.406387e+00 
1.739808e+00 1.597325e+00 1.405632e+00 
1.741808e+00 1.597850e+00 1.404811e+00 
1.743808e+00 1.598425e+00 1.403924e+00 
1.745808e+00 1.599025e+00 1.402970e+00 
1.747808e+00 1.599700e+00 1.401950e+00 
1.749808e+00 1.600375e+00 1.400863e+00 
1.751808e+00 1.601125e+00 1.399709e+00 
1.753808e+00 1.601900e+00 1.398489e+00 
1.755808e+00 1.602725e+00 1.397202e+00 
1.757808e+00 1.603600e+00 1.395847e+00 
1.759808e+00 1.604525e+00 1.394426e+00 
1.761808e+00 1.605475e+00 1.392938e+00 
1.763808e+00 1.606500e+00 1.391383e+00 
1.765808e+00 1.607550e+00 1.389760e+00 
1.767808e+00 1.608650e+00 1.388070e+00 
1.769808e+00 1.609775e+00 1.386313e+00 
1.771808e+00 1.610975e+00 1.384489e+00 
1.773808e+00 1.612200e+00 1.382598e+00 
1.775808e+00 1.613475e+00 1.380639e+00 
1.777808e+00 1.614800e+00 1.378612e+00 
1.779808e+00 1.616175e+00 1.376518e+00 
1.781808e+00 1.617600e+00 1.374357e+00 
1.783808e+00 1.619075e+00 1.372128e+00 
1.785808e+00 1.620600e+00 1.369832e+00 
1.787808e+00 1.622150e+00 1.367468e+00 
1.789808e+00 1.623775e+00 1.365037e+00 
1.791808e+00 1.625450e+00 1.362538e+00 
1.793808e+00 1.627150e+00 1.359971e+00 
1.795808e+00 1.628925e+00 1.357337e+00 
1.797808e+00 1.630725e+00 1.354636e+00 
1.799808e+00 1.632600e+00 1.351866e+00 
1.801808e+00 1.634500e+00 1.349030e+00 
1.803808e+00 1.636475e+00 1.346125e+00 
1.805808e+00 1.638500e+00 1.343154e+00 
1.807808e+00 1.640550e+00 1.340114e+00 
1.809808e+00 1.642675e+00 1.337007e+00 
1.811808e+00 1.644850e+00 1.333833e+00 
1.813808e+00 1.647100e+00 1.330592e+00 
1.815808e+00 1.649375e+00 1.327282e+00 
1.817808e+00 1.651700e+00 1.323906e+00 
1.819808e+00 1.654100e+00 1.320462e+00 
1.821808e+00 1.656550e+00 1.316951e+00 
1.823808e+00 1.659050e+00 1.313373e+00 
1.825808e+00 1.661625e+00 1.309728e+00 
1.827808e+00 1.664250e+00 1.306015e+00 
1.829808e+00 1.666925e+00 1.302236e+00 
1.831808e+00 1.669650e+00 1.298389e+00 
1.833808e+00 1.672450e+00 1.294476e+00 
1.835808e+00 1.675300e+00 1.290495e+00 
1.837808e+00 1.678225e+00 1.286448e+00 
1.839808e+00 1.681200e+00 1.282334e+00 
1.841808e+00 1.684225e+00 1.278154e+00 
1.843808e+00 1.687325e+00 1.273907e+00 
1.845808e+00 1.690500e+00 1.269593e+00 
1.847808e+00 1.693725e+00 1.265213e+00 
1.849808e+00 1.697025e+00 1.260767e+00 
1.851808e+00 1.700375e+00 1.256255e+00 
1.853808e+00 1.703800e+00 1.251676e+00 
1.855808e+00 1.707275e+00 1.247032e+00 
1.857808e+00 1.710850e+00 1.242321e+00 
1.859808e+00 1.714475e+00 1.237545e+00 
1.861808e+00 1.718175e+00 1.232703e+00 
1.863808e+00 1.721925e+00 1.227796e+00 
1.865808e+00 1.725775e+00 1.222823e+00 
1.867808e+00 1.729675e+00 1.217785e+00 
1.869808e+00 1.733650e+00 1.212682e+00 
1.871808e+00 1.737725e+00 1.207514e+00 
1.873808e+00 1.741850e+00 1.202281e+00 
1.875808e+00 1.746050e+00 1.196983e+00 
1.877808e+00 1.750325e+00 1.191621e+00 
1.879808e+00 1.754700e+00 1.186194e+00 
1.881808e+00 1.759150e+00 1.180702e+00 
1.883808e+00 1.763650e+00 1.175147e+00 
1.885808e+00 1.768275e+00 1.169528e+00 
1.887808e+00 1.772950e+00 1.163844e+00 
1.889808e+00 1.777725e+00 1.158097e+00 
1.891808e+00 1.782575e+00 1.152287e+00 
1.893808e+00 1.787525e+00 1.146413e+00 
1.895808e+00 1.792550e+00 1.140476e+00 
1.897808e+00 1.797675e+00 1.134476e+00 
1.899808e+00 1.802875e+00 1.128413e+00 
1.901808e+00 1.808175e+00 1.122288e+00 
1.903808e+00 1.813575e+00 1.116100e+00 
1.905808e+00 1.819050e+00 1.109850e+00 
1.907808e+00 1.824650e+00 1.103537e+00 
1.909808e+00 1.830325e+00 1.097163e+00 
1.911808e+00 1.836100e+00 1.090727e+00 
1.913808e+00 1.841975e+00 1.084230e+00 
1.915808e+00 1.847975e+00 1.077672e+00 
1.917808e+00 1.854075e+00 1.071052e+00 
1.919808e+00 1.860250e+00 1.064372e+00 
1.921808e+00 1.866575e+00 1.057631e+00 
1.923808e+00 1.872975e+00 1.050829e+00 
1.925808e+00 1.879500e+00 1.043968e+00 
1.927808e+00 1.886150e+00 1.037046e+00 
1.929808e+00 1.892900e+00 1.030065e+00 
1.931808e+00 1.899775e+00 1.023024e+00 
1.933808e+00 1.906775e+00 1.015924e+00 
1.935808e+00 1.913900e+00 1.008765e+00 
1.937808e+00 1.921150e+00 1.001547e+00 
1.939808e+00 1.928525e+00 9.942706e-01 
1.941808e+00 1.936025e+00 9.869360e-01 
1.943808e+00 1.943650e+00 9.795433e-01 
1.945808e+00 1.951425e+00 9.720929e-01 
1.947808e+00 1.959325e+00 9.645850e-01 
1.949808e+00 1.967375e+00 9.570198e-01 
1.951808e+00 1.975575e+00 9.493976e-01 
1.953808e+00 1.983925e+00 9.417188e-01 
1.955808e+00 1.992400e+00 9.339834e-01 
1.957808e+00 2.001050e+00 9.261919e-01 
1.959808e+00 2.009850e+00 9.183445e-01 
1.961808e+00 2.018800e+00 9.104415e-01 
1.963808e+00 2.027925e+00 9.024831e-01 
1.965808e+00 2.037200e+00 8.944697e-01 
1.967808e+00 2.046650e+00 8.864016e-01 
1.969808e+00 2.056275e+00 8.782789e-01 
1.971808e+00 2.066075e+00 8.701021e-01 
1.973808e+00 2.076075e+00 8.618715e-01 
1.975808e+00 2.086250e+00 8.535872e-01 
1.977808e+00 2.096600e+00 8.452497e-01 
1.979808e+00 2.107175e+00 8.368592e-01 
1.981808e+00 2.117925e+00 8.284161e-01 
1.983808e+00 2.128900e+00 8.199206e-01 
1.985808e+00 2.140050e+00 8.113731e-01 
1.987808e+00 2.151450e+00 8.027738e-01 
1.989808e+00 2.163050e+00 7.941232e-01 
1.991808e+00 2.174900e+00 7.854216e-01 
1.993808e+00 2.186950e+00 7.766691e-01 
1.995808e+00 2.199250e+00 7.678663e-01 
1.997808e+00 2.211800e+00 7.590134e-01 
1.999808e+00 2.224600e+00 7.501108e-01 
2.001808e+00 2.237650e+00 7.411587e-01 
2.003808e+00 2.250975e+00 7.321576e-01 
2.005808e+00 2.264550e+00 7.231078e-01 
2.007808e+00 2.278425e+00 7.140096e-01 
2.009808e+00 2.292575e+00 7.048633e-01 
2.011808e+00 2.307025e+00 6.956694e-01 
2.013808e+00 2.321775e+00 6.864281e-01 
2.015808e+00 2.336850e+00 6.771399e-01 
2.017808e+00 2.352225e+00 6.678051e-01 
2.019808e+00 2.367950e+00 6.584240e-01 
2.021808e+00 2.384025e+00 6.489970e-01 
2.023808e+00 2.400450e+00 6.395246e-01 
2.025808e+00 2.417225e+00 6.300069e-01 
2.027808e+00 2.434375e+00 6.204445e-01 
2.029808e+00 2.451925e+00 6.108377e-01 
2.031808e+00 2.469875e+00 6.011868e-01 
2.033808e+00 2.488250e+00 5.914923e-01 
2.035808e+00 2.507050e+00 5.817545e-01 
2.037808e+00 2.526275e+00 5.719738e-01 
2.039808e+00 2.545975e+00 5.621506e-01 
2.041808e+00 2.566175e+00 5.522853e-01 
2.043808e+00 2.586825e+00 5.423782e-01 
2.045808e+00 2.608025e+00 5.324299e-01 
2.047808e+00 2.629750e+00 5.224405e-01 
2.049808e+00 2.652025e+00 5.124107e-01 
2.051808e+00 2.674875e+00 5.023407e-01 
2.053808e+00 2.698325e+00 4.922309e-01 
2.055808e+00 2.722375e+00 4.820818e-01 
2.057808e+00 2.747100e+00 4.718938e-01 
2.059808e+00 2.772500e+00 4.616672e-01 
2.061808e+00 2.798600e+00 4.514025e-01 
2.063808e+00 2.825450e+00 4.411001e-01 
2.065808e+00 2.853050e+00 4.307605e-01 
2.067808e+00 2.881475e+00 4.203839e-01 
2.069808e+00 2.910750e+00 4.099709e-01 
2.071808e+00 2.940900e+00 3.995218e-01 
2.073808e+00 2.971975e+00 3.890371e-01 
2.075808e+00 3.004050e+00 3.785172e-01 
2.077808e+00 3.037150e+00 3.679626e-01 
2.079808e+00 3.071325e+00 3.573735e-01 
2.081808e+00 3.106650e+00 3.467506e-01 
2.083808e+00 3.143200e+00 3.360942e-01 
2.085808e+00 3.181000e+00 3.254048e-01 
2.087808e+00 3.220200e+00 3.146827e-01 
2.089808e+00 3.260825e+00 3.039285e-01 
2.091808e+00 3.303000e+00 2.931425e-01 
2.093808e+00 3.346800e+00 2.823252e-01 
2.095808e+00 3.392375e+00 2.714771e-01 
2.097808e+00 3.439850e+00 2.605985e-01 
2.099808e+00 3.489325e+00 2.496900e-01 
2.101808e+00 3.541025e+00 2.387519e-01 
2.103808e+00 3.595075e+00 2.277848e-01 
2.105808e+00 3.651700e+00 2.167891e-01 
2.107808e+00 3.711125e+00 2.057651e-01 
2.109808e+00 3.773650e+00 1.947135e-01 
2.111808e+00 3.839550e+00 1.836345e-01 
2.113808e+00 3.909250e+00 1.725288e-01 
2.115808e+00 3.983125e+00 1.613967e-01 
2.117808e+00 4.061750e+00 1.502387e-01 
2.119808e+00 4.145775e+00 1.390553e-01 
2.121808e+00 4.235950e+00 1.278469e-01 
2.123808e+00 4.333325e+00 1.166140e-01 
2.125808e+00 4.439200e+00 1.053571e-01 
2.127808e+00 4.555300e+00 9.407652e-02 
2.129808e+00 4.684050e+00 8.277286e-02 
2.131808e+00 4.828875e+00 7.144656e-02 
2.133808e+00 4.995100e+00 6.009807e-02 
2.135808e+00 5.191375e+00 4.8727